function [qpp] = Simulink_Model(inputs)

s = inputs(1);
theta = inputs(2);
v = inputs(3);
omega = inputs(4);
u = inputs(5);
alfa=inputs(6);
q = [s;theta];
qp = [v;omega];
% alfabar = sin(alfa);
% x = [s;theta;v;omega];
% if theta == 0
%    sinctheta = 1;
% else 
%     sinctheta = sin(theta)/theta;
% end



%   Eh = [((2251799813685248*omega*sin(theta))/2358030511665991 - 4716158501352293/9432122046663964)*((9007199254740992*sinctheta*cos(alfa))/3360092472997555 - 9007171601362394/3360092472997555)*((9007199254740992*cos(theta))/2638147582215219 - (4503599627370496*2^(1/2))/2638147582215219) - ((9007199254740992*sinctheta*cos(alfa))/3360092472997555 - 5647079128364839/3360092472997555)*((2251799813685248*omega*sin(theta))/2358030511665991 - 4716158501352293/9432122046663964)*((4503599627370496*2^(1/2))/2638147582215219 - (9007199254740992*cos(theta))/2638147582215219 + 1) - ((9007199254740992*sinctheta*cos(alfa))/3360092472997555 - 9007171601362394/3360092472997555)*((9007199254740992*cos(theta))/2638147582215219 - (4503599627370496*2^(1/2))/2638147582215219)*((2251799813685248*omega*sin(theta))/2358030511665991 + 4715963545311671/9432122046663964) - ((9007199254740992*sinctheta*cos(alfa))/3360092472997555 - 9007171601362394/3360092472997555)*((2251799813685248*omega*sin(theta))/2358030511665991 + 4715963545311671/9432122046663964)*((4503599627370496*2^(1/2))/2638147582215219 - (9007199254740992*cos(theta))/2638147582215219 + 1) - ((9007199254740992*sinctheta*cos(alfa))/3360092472997555 - 5647079128364839/3360092472997555)*((2251799813685248*omega*sin(theta))/2358030511665991 - 4716158501352293/9432122046663964)*((9007199254740992*cos(theta))/2638147582215219 - (4503599627370496*2^(1/2))/2638147582215219) + ((2251799813685248*omega*sin(theta))/2358030511665991 - 4716158501352293/9432122046663964)*((9007199254740992*sinctheta*cos(alfa))/3360092472997555 - 9007171601362394/3360092472997555)*((4503599627370496*2^(1/2))/2638147582215219 - (9007199254740992*cos(theta))/2638147582215219 + 1) + ((9007199254740992*sinctheta*cos(alfa))/3360092472997555 - 5647079128364839/3360092472997555)*((9007199254740992*cos(theta))/2638147582215219 - (4503599627370496*2^(1/2))/2638147582215219)*((2251799813685248*omega*sin(theta))/2358030511665991 + 4715963545311671/9432122046663964) + ((9007199254740992*sinctheta*cos(alfa))/3360092472997555 - 5647079128364839/3360092472997555)*((2251799813685248*omega*sin(theta))/2358030511665991 + 4715963545311671/9432122046663964)*((4503599627370496*2^(1/2))/2638147582215219 - (9007199254740992*cos(theta))/2638147582215219 + 1), 0, 0, 0; 0, ((2251799813685248*omega*sin(theta))/2358030511665991 - 4716158501352293/9432122046663964)*((9007199254740992*sinctheta*cos(alfa))/3360092472997555 - 9007171601362394/3360092472997555)*((9007199254740992*cos(theta))/2638147582215219 - (4503599627370496*2^(1/2))/2638147582215219) - ((9007199254740992*sinctheta*cos(alfa))/3360092472997555 - 5647079128364839/3360092472997555)*((2251799813685248*omega*sin(theta))/2358030511665991 - 4716158501352293/9432122046663964)*((4503599627370496*2^(1/2))/2638147582215219 - (9007199254740992*cos(theta))/2638147582215219 + 1) - ((9007199254740992*sinctheta*cos(alfa))/3360092472997555 - 9007171601362394/3360092472997555)*((9007199254740992*cos(theta))/2638147582215219 - (4503599627370496*2^(1/2))/2638147582215219)*((2251799813685248*omega*sin(theta))/2358030511665991 + 4715963545311671/9432122046663964) - ((9007199254740992*sinctheta*cos(alfa))/3360092472997555 - 9007171601362394/3360092472997555)*((2251799813685248*omega*sin(theta))/2358030511665991 + 4715963545311671/9432122046663964)*((4503599627370496*2^(1/2))/2638147582215219 - (9007199254740992*cos(theta))/2638147582215219 + 1) - ((9007199254740992*sinctheta*cos(alfa))/3360092472997555 - 5647079128364839/3360092472997555)*((2251799813685248*omega*sin(theta))/2358030511665991 - 4716158501352293/9432122046663964)*((9007199254740992*cos(theta))/2638147582215219 - (4503599627370496*2^(1/2))/2638147582215219) + ((2251799813685248*omega*sin(theta))/2358030511665991 - 4716158501352293/9432122046663964)*((9007199254740992*sinctheta*cos(alfa))/3360092472997555 - 9007171601362394/3360092472997555)*((4503599627370496*2^(1/2))/2638147582215219 - (9007199254740992*cos(theta))/2638147582215219 + 1) + ((9007199254740992*sinctheta*cos(alfa))/3360092472997555 - 5647079128364839/3360092472997555)*((9007199254740992*cos(theta))/2638147582215219 - (4503599627370496*2^(1/2))/2638147582215219)*((2251799813685248*omega*sin(theta))/2358030511665991 + 4715963545311671/9432122046663964) + ((9007199254740992*sinctheta*cos(alfa))/3360092472997555 - 5647079128364839/3360092472997555)*((2251799813685248*omega*sin(theta))/2358030511665991 + 4715963545311671/9432122046663964)*((4503599627370496*2^(1/2))/2638147582215219 - (9007199254740992*cos(theta))/2638147582215219 + 1), 0, 0; 0, 0, (9*((2251799813685248*omega*sin(theta))/2358030511665991 - 4716158501352293/9432122046663964)*((9007199254740992*sinctheta*cos(alfa))/3360092472997555 - 9007171601362394/3360092472997555)*((9007199254740992*cos(theta))/2638147582215219 - (4503599627370496*2^(1/2))/2638147582215219))/5 - (9*((9007199254740992*sinctheta*cos(alfa))/3360092472997555 - 5647079128364839/3360092472997555)*((2251799813685248*omega*sin(theta))/2358030511665991 - 4716158501352293/9432122046663964)*((4503599627370496*2^(1/2))/2638147582215219 - (9007199254740992*cos(theta))/2638147582215219 + 1))/5 - (9*((9007199254740992*sinctheta*cos(alfa))/3360092472997555 - 9007171601362394/3360092472997555)*((9007199254740992*cos(theta))/2638147582215219 - (4503599627370496*2^(1/2))/2638147582215219)*((2251799813685248*omega*sin(theta))/2358030511665991 + 4715963545311671/9432122046663964))/5 - (9*((9007199254740992*sinctheta*cos(alfa))/3360092472997555 - 9007171601362394/3360092472997555)*((2251799813685248*omega*sin(theta))/2358030511665991 + 4715963545311671/9432122046663964)*((4503599627370496*2^(1/2))/2638147582215219 - (9007199254740992*cos(theta))/2638147582215219 + 1))/5 - (9*((9007199254740992*sinctheta*cos(alfa))/3360092472997555 - 5647079128364839/3360092472997555)*((2251799813685248*omega*sin(theta))/2358030511665991 - 4716158501352293/9432122046663964)*((9007199254740992*cos(theta))/2638147582215219 - (4503599627370496*2^(1/2))/2638147582215219))/5 + (9*((2251799813685248*omega*sin(theta))/2358030511665991 - 4716158501352293/9432122046663964)*((9007199254740992*sinctheta*cos(alfa))/3360092472997555 - 9007171601362394/3360092472997555)*((4503599627370496*2^(1/2))/2638147582215219 - (9007199254740992*cos(theta))/2638147582215219 + 1))/5 + (9*((9007199254740992*sinctheta*cos(alfa))/3360092472997555 - 5647079128364839/3360092472997555)*((9007199254740992*cos(theta))/2638147582215219 - (4503599627370496*2^(1/2))/2638147582215219)*((2251799813685248*omega*sin(theta))/2358030511665991 + 4715963545311671/9432122046663964))/5 + (9*((9007199254740992*sinctheta*cos(alfa))/3360092472997555 - 5647079128364839/3360092472997555)*((2251799813685248*omega*sin(theta))/2358030511665991 + 4715963545311671/9432122046663964)*((4503599627370496*2^(1/2))/2638147582215219 - (9007199254740992*cos(theta))/2638147582215219 + 1))/5, (9*((9007199254740992*sinctheta*cos(alfa))/3360092472997555 - 5647079128364839/3360092472997555)*((2251799813685248*omega*sin(theta))/2358030511665991 - 4716158501352293/9432122046663964)*((9007199254740992*cos(theta))/2638147582215219 - (4503599627370496*2^(1/2))/2638147582215219))/100 + (9*((9007199254740992*sinctheta*cos(alfa))/3360092472997555 - 9007171601362394/3360092472997555)*((9007199254740992*cos(theta))/2638147582215219 - (4503599627370496*2^(1/2))/2638147582215219)*((2251799813685248*omega*sin(theta))/2358030511665991 + 4715963545311671/9432122046663964))/100 - (9*((2251799813685248*omega*sin(theta))/2358030511665991 - 4716158501352293/9432122046663964)*((9007199254740992*sinctheta*cos(alfa))/3360092472997555 - 